calendar <- list(day=c("MON", "TUE", "WED", "THU", "FRI", "SAT", "SUN"), month=c(1,2,3,4,5,6,7,8,9,10,11,12), year=c(1900,1920,1940,1960,1980,2000))
calendar$day
calendar$month
calendar$year
calendar$year-1900